[camera]
farClip=100.000000
fov=50.000000
nearClip=0.100000

[mouse]
sensitivity=5

[window]
height=709
width=1122
windowname=openglgaming

